149700.000000 0.367879
149700.600601 0.369354
149701.201201 0.370831
149701.801802 0.372312
149702.402402 0.373795
149703.003003 0.375281
149703.603604 0.376770
149704.204204 0.378262
149704.804805 0.379757
149705.405405 0.381254
149706.006006 0.382755
149706.606607 0.384258
149707.207207 0.385764
149707.807808 0.387273
149708.408408 0.388785
149709.009009 0.390299
149709.609610 0.391816
149710.210210 0.393336
149710.810811 0.394859
149711.411411 0.396384
149712.012012 0.397913
149712.612613 0.399443
149713.213213 0.400977
149713.813814 0.402513
149714.414414 0.404052
149715.015015 0.405593
149715.615616 0.407137
149716.216216 0.408684
149716.816817 0.410233
149717.417417 0.411785
149718.018018 0.413339
149718.618619 0.414896
149719.219219 0.416455
149719.819820 0.418017
149720.420420 0.419582
149721.021021 0.421149
149721.621622 0.422718
149722.222222 0.424290
149722.822823 0.425864
149723.423423 0.427441
149724.024024 0.429020
149724.624625 0.430601
149725.225225 0.432185
149725.825826 0.433771
149726.426426 0.435359
149727.027027 0.436950
149727.627628 0.438543
149728.228228 0.440139
149728.828829 0.441736
149729.429429 0.443336
149730.030030 0.444938
149730.630631 0.446543
149731.231231 0.448149
149731.831832 0.449758
149732.432432 0.451369
149733.033033 0.452981
149733.633634 0.454597
149734.234234 0.456214
149734.834835 0.457833
149735.435435 0.459454
149736.036036 0.461078
149736.636637 0.462703
149737.237237 0.464331
149737.837838 0.465960
149738.438438 0.467591
149739.039039 0.469225
149739.639640 0.470860
149740.240240 0.472497
149740.840841 0.474136
149741.441441 0.475777
149742.042042 0.477420
149742.642643 0.479064
149743.243243 0.480711
149743.843844 0.482359
149744.444444 0.484009
149745.045045 0.485661
149745.645646 0.487314
149746.246246 0.488969
149746.846847 0.490626
149747.447447 0.492285
149748.048048 0.493945
149748.648649 0.495607
149749.249249 0.497270
149749.849850 0.498935
149750.450450 0.500602
149751.051051 0.502270
149751.651652 0.503940
149752.252252 0.505611
149752.852853 0.507283
149753.453453 0.508957
149754.054054 0.510633
149754.654655 0.512310
149755.255255 0.513988
149755.855856 0.515668
149756.456456 0.517349
149757.057057 0.519031
149757.657658 0.520714
149758.258258 0.522399
149758.858859 0.524085
149759.459459 0.525773
149760.060060 0.527461
149760.660661 0.529151
149761.261261 0.530842
149761.861862 0.532534
149762.462462 0.534227
149763.063063 0.535921
149763.663664 0.537617
149764.264264 0.539313
149764.864865 0.541010
149765.465465 0.542709
149766.066066 0.544408
149766.666667 0.546108
149767.267267 0.547809
149767.867868 0.549511
149768.468468 0.551214
149769.069069 0.552918
149769.669670 0.554623
149770.270270 0.556328
149770.870871 0.558034
149771.471471 0.559741
149772.072072 0.561449
149772.672673 0.563157
149773.273273 0.564866
149773.873874 0.566576
149774.474474 0.568286
149775.075075 0.569997
149775.675676 0.571708
149776.276276 0.573420
149776.876877 0.575133
149777.477477 0.576846
149778.078078 0.578559
149778.678679 0.580273
149779.279279 0.581987
149779.879880 0.583702
149780.480480 0.585417
149781.081081 0.587132
149781.681682 0.588848
149782.282282 0.590564
149782.882883 0.592280
149783.483483 0.593996
149784.084084 0.595713
149784.684685 0.597430
149785.285285 0.599147
149785.885886 0.600864
149786.486486 0.602581
149787.087087 0.604298
149787.687688 0.606015
149788.288288 0.607732
149788.888889 0.609450
149789.489489 0.611167
149790.090090 0.612884
149790.690691 0.614601
149791.291291 0.616318
149791.891892 0.618035
149792.492492 0.619751
149793.093093 0.621467
149793.693694 0.623183
149794.294294 0.624899
149794.894895 0.626615
149795.495495 0.628330
149796.096096 0.630045
149796.696697 0.631759
149797.297297 0.633473
149797.897898 0.635187
149798.498498 0.636900
149799.099099 0.638612
149799.699700 0.640325
149800.300300 0.642036
149800.900901 0.643747
149801.501502 0.645457
149802.102102 0.647167
149802.702703 0.648876
149803.303303 0.650584
149803.903904 0.652292
149804.504505 0.653999
149805.105105 0.655705
149805.705706 0.657410
149806.306306 0.659114
149806.906907 0.660818
149807.507508 0.662520
149808.108108 0.664222
149808.708709 0.665923
149809.309309 0.667622
149809.909910 0.669321
149810.510511 0.671019
149811.111111 0.672715
149811.711712 0.674410
149812.312312 0.676105
149812.912913 0.677798
149813.513514 0.679490
149814.114114 0.681180
149814.714715 0.682869
149815.315315 0.684558
149815.915916 0.686244
149816.516517 0.687930
149817.117117 0.689614
149817.717718 0.691296
149818.318318 0.692977
149818.918919 0.694657
149819.519520 0.696335
149820.120120 0.698012
149820.720721 0.699687
149821.321321 0.701360
149821.921922 0.703032
149822.522523 0.704702
149823.123123 0.706370
149823.723724 0.708037
149824.324324 0.709702
149824.924925 0.711365
149825.525526 0.713026
149826.126126 0.714686
149826.726727 0.716343
149827.327327 0.717999
149827.927928 0.719653
149828.528529 0.721304
149829.129129 0.722954
149829.729730 0.724602
149830.330330 0.726248
149830.930931 0.727891
149831.531532 0.729532
149832.132132 0.731172
149832.732733 0.732809
149833.333333 0.734444
149833.933934 0.736076
149834.534535 0.737707
149835.135135 0.739335
149835.735736 0.740960
149836.336336 0.742584
149836.936937 0.744204
149837.537538 0.745823
149838.138138 0.747439
149838.738739 0.749052
149839.339339 0.750663
149839.939940 0.752271
149840.540541 0.753877
149841.141141 0.755480
149841.741742 0.757081
149842.342342 0.758679
149842.942943 0.760274
149843.543544 0.761866
149844.144144 0.763455
149844.744745 0.765042
149845.345345 0.766626
149845.945946 0.768207
149846.546547 0.769785
149847.147147 0.771360
149847.747748 0.772932
149848.348348 0.774501
149848.948949 0.776068
149849.549550 0.777631
149850.150150 0.779190
149850.750751 0.780747
149851.351351 0.782301
149851.951952 0.783851
149852.552553 0.785399
149853.153153 0.786943
149853.753754 0.788483
149854.354354 0.790021
149854.954955 0.791555
149855.555556 0.793085
149856.156156 0.794613
149856.756757 0.796136
149857.357357 0.797657
149857.957958 0.799174
149858.558559 0.800687
149859.159159 0.802197
149859.759760 0.803703
149860.360360 0.805205
149860.960961 0.806704
149861.561562 0.808199
149862.162162 0.809691
149862.762763 0.811178
149863.363363 0.812662
149863.963964 0.814142
149864.564565 0.815619
149865.165165 0.817091
149865.765766 0.818559
149866.366366 0.820024
149866.966967 0.821485
149867.567568 0.822941
149868.168168 0.824394
149868.768769 0.825842
149869.369369 0.827287
149869.969970 0.828727
149870.570571 0.830163
149871.171171 0.831595
149871.771772 0.833023
149872.372372 0.834446
149872.972973 0.835866
149873.573574 0.837281
149874.174174 0.838691
149874.774775 0.840098
149875.375375 0.841499
149875.975976 0.842897
149876.576577 0.844290
149877.177177 0.845678
149877.777778 0.847063
149878.378378 0.848442
149878.978979 0.849817
149879.579580 0.851187
149880.180180 0.852553
149880.780781 0.853914
149881.381381 0.855270
149881.981982 0.856622
149882.582583 0.857969
149883.183183 0.859311
149883.783784 0.860649
149884.384384 0.861981
149884.984985 0.863309
149885.585586 0.864632
149886.186186 0.865949
149886.786787 0.867262
149887.387387 0.868570
149887.987988 0.869873
149888.588589 0.871171
149889.189189 0.872464
149889.789790 0.873752
149890.390390 0.875035
149890.990991 0.876312
149891.591592 0.877584
149892.192192 0.878852
149892.792793 0.880114
149893.393393 0.881370
149893.993994 0.882622
149894.594595 0.883868
149895.195195 0.885109
149895.795796 0.886344
149896.396396 0.887574
149896.996997 0.888799
149897.597598 0.890018
149898.198198 0.891231
149898.798799 0.892440
149899.399399 0.893642
149900.000000 0.894839
149900.600601 0.896031
149901.201201 0.897217
149901.801802 0.898397
149902.402402 0.899572
149903.003003 0.900741
149903.603604 0.901904
149904.204204 0.903061
149904.804805 0.904213
149905.405405 0.905359
149906.006006 0.906499
149906.606607 0.907633
149907.207207 0.908762
149907.807808 0.909884
149908.408408 0.911001
149909.009009 0.912112
149909.609610 0.913216
149910.210210 0.914315
149910.810811 0.915408
149911.411411 0.916494
149912.012012 0.917575
149912.612613 0.918650
149913.213213 0.919718
149913.813814 0.920780
149914.414414 0.921836
149915.015015 0.922886
149915.615616 0.923930
149916.216216 0.924967
149916.816817 0.925998
149917.417417 0.927023
149918.018018 0.928042
149918.618619 0.929054
149919.219219 0.930060
149919.819820 0.931060
149920.420420 0.932053
149921.021021 0.933040
149921.621622 0.934020
149922.222222 0.934994
149922.822823 0.935961
149923.423423 0.936922
149924.024024 0.937876
149924.624625 0.938824
149925.225225 0.939765
149925.825826 0.940700
149926.426426 0.941628
149927.027027 0.942549
149927.627628 0.943464
149928.228228 0.944372
149928.828829 0.945273
149929.429429 0.946168
149930.030030 0.947055
149930.630631 0.947936
149931.231231 0.948811
149931.831832 0.949678
149932.432432 0.950539
149933.033033 0.951392
149933.633634 0.952239
149934.234234 0.953079
149934.834835 0.953913
149935.435435 0.954739
149936.036036 0.955558
149936.636637 0.956370
149937.237237 0.957176
149937.837838 0.957974
149938.438438 0.958765
149939.039039 0.959549
149939.639640 0.960327
149940.240240 0.961097
149940.840841 0.961860
149941.441441 0.962616
149942.042042 0.963364
149942.642643 0.964106
149943.243243 0.964840
149943.843844 0.965568
149944.444444 0.966288
149945.045045 0.967001
149945.645646 0.967706
149946.246246 0.968405
149946.846847 0.969096
149947.447447 0.969780
149948.048048 0.970456
149948.648649 0.971126
149949.249249 0.971787
149949.849850 0.972442
149950.450450 0.973089
149951.051051 0.973729
149951.651652 0.974361
149952.252252 0.974987
149952.852853 0.975604
149953.453453 0.976214
149954.054054 0.976817
149954.654655 0.977412
149955.255255 0.978000
149955.855856 0.978580
149956.456456 0.979153
149957.057057 0.979719
149957.657658 0.980276
149958.258258 0.980826
149958.858859 0.981369
149959.459459 0.981904
149960.060060 0.982432
149960.660661 0.982952
149961.261261 0.983464
149961.861862 0.983969
149962.462462 0.984466
149963.063063 0.984955
149963.663664 0.985437
149964.264264 0.985911
149964.864865 0.986377
149965.465465 0.986836
149966.066066 0.987287
149966.666667 0.987730
149967.267267 0.988166
149967.867868 0.988594
149968.468468 0.989014
149969.069069 0.989426
149969.669670 0.989831
149970.270270 0.990227
149970.870871 0.990616
149971.471471 0.990998
149972.072072 0.991371
149972.672673 0.991737
149973.273273 0.992095
149973.873874 0.992445
149974.474474 0.992787
149975.075075 0.993121
149975.675676 0.993447
149976.276276 0.993766
149976.876877 0.994077
149977.477477 0.994380
149978.078078 0.994675
149978.678679 0.994962
149979.279279 0.995241
149979.879880 0.995512
149980.480480 0.995775
149981.081081 0.996031
149981.681682 0.996278
149982.282282 0.996518
149982.882883 0.996750
149983.483483 0.996974
149984.084084 0.997189
149984.684685 0.997397
149985.285285 0.997597
149985.885886 0.997789
149986.486486 0.997973
149987.087087 0.998149
149987.687688 0.998317
149988.288288 0.998477
149988.888889 0.998629
149989.489489 0.998773
149990.090090 0.998909
149990.690691 0.999038
149991.291291 0.999158
149991.891892 0.999270
149992.492492 0.999374
149993.093093 0.999470
149993.693694 0.999558
149994.294294 0.999638
149994.894895 0.999710
149995.495495 0.999775
149996.096096 0.999831
149996.696697 0.999879
149997.297297 0.999919
149997.897898 0.999951
149998.498498 0.999975
149999.099099 0.999991
149999.699700 0.999999
150000.300300 0.999999
150000.900901 0.999991
150001.501502 0.999975
150002.102102 0.999951
150002.702703 0.999919
150003.303303 0.999879
150003.903904 0.999831
150004.504505 0.999775
150005.105105 0.999710
150005.705706 0.999638
150006.306306 0.999558
150006.906907 0.999470
150007.507508 0.999374
150008.108108 0.999270
150008.708709 0.999158
150009.309309 0.999038
150009.909910 0.998909
150010.510511 0.998773
150011.111111 0.998629
150011.711712 0.998477
150012.312312 0.998317
150012.912913 0.998149
150013.513514 0.997973
150014.114114 0.997789
150014.714715 0.997597
150015.315315 0.997397
150015.915916 0.997189
150016.516517 0.996974
150017.117117 0.996750
150017.717718 0.996518
150018.318318 0.996278
150018.918919 0.996031
150019.519520 0.995775
150020.120120 0.995512
150020.720721 0.995241
150021.321321 0.994962
150021.921922 0.994675
150022.522523 0.994380
150023.123123 0.994077
150023.723724 0.993766
150024.324324 0.993447
150024.924925 0.993121
150025.525526 0.992787
150026.126126 0.992445
150026.726727 0.992095
150027.327327 0.991737
150027.927928 0.991371
150028.528529 0.990998
150029.129129 0.990616
150029.729730 0.990227
150030.330330 0.989831
150030.930931 0.989426
150031.531532 0.989014
150032.132132 0.988594
150032.732733 0.988166
150033.333333 0.987730
150033.933934 0.987287
150034.534535 0.986836
150035.135135 0.986377
150035.735736 0.985911
150036.336336 0.985437
150036.936937 0.984955
150037.537538 0.984466
150038.138138 0.983969
150038.738739 0.983464
150039.339339 0.982952
150039.939940 0.982432
150040.540541 0.981904
150041.141141 0.981369
150041.741742 0.980826
150042.342342 0.980276
150042.942943 0.979719
150043.543544 0.979153
150044.144144 0.978580
150044.744745 0.978000
150045.345345 0.977412
150045.945946 0.976817
150046.546547 0.976214
150047.147147 0.975604
150047.747748 0.974987
150048.348348 0.974361
150048.948949 0.973729
150049.549550 0.973089
150050.150150 0.972442
150050.750751 0.971787
150051.351351 0.971126
150051.951952 0.970456
150052.552553 0.969780
150053.153153 0.969096
150053.753754 0.968405
150054.354354 0.967706
150054.954955 0.967001
150055.555556 0.966288
150056.156156 0.965568
150056.756757 0.964840
150057.357357 0.964106
150057.957958 0.963364
150058.558559 0.962616
150059.159159 0.961860
150059.759760 0.961097
150060.360360 0.960327
150060.960961 0.959549
150061.561562 0.958765
150062.162162 0.957974
150062.762763 0.957176
150063.363363 0.956370
150063.963964 0.955558
150064.564565 0.954739
150065.165165 0.953913
150065.765766 0.953079
150066.366366 0.952239
150066.966967 0.951392
150067.567568 0.950539
150068.168168 0.949678
150068.768769 0.948811
150069.369369 0.947936
150069.969970 0.947055
150070.570571 0.946168
150071.171171 0.945273
150071.771772 0.944372
150072.372372 0.943464
150072.972973 0.942549
150073.573574 0.941628
150074.174174 0.940700
150074.774775 0.939765
150075.375375 0.938824
150075.975976 0.937876
150076.576577 0.936922
150077.177177 0.935961
150077.777778 0.934994
150078.378378 0.934020
150078.978979 0.933040
150079.579580 0.932053
150080.180180 0.931060
150080.780781 0.930060
150081.381381 0.929054
150081.981982 0.928042
150082.582583 0.927023
150083.183183 0.925998
150083.783784 0.924967
150084.384384 0.923930
150084.984985 0.922886
150085.585586 0.921836
150086.186186 0.920780
150086.786787 0.919718
150087.387387 0.918650
150087.987988 0.917575
150088.588589 0.916494
150089.189189 0.915408
150089.789790 0.914315
150090.390390 0.913216
150090.990991 0.912112
150091.591592 0.911001
150092.192192 0.909884
150092.792793 0.908762
150093.393393 0.907633
150093.993994 0.906499
150094.594595 0.905359
150095.195195 0.904213
150095.795796 0.903061
150096.396396 0.901904
150096.996997 0.900741
150097.597598 0.899572
150098.198198 0.898397
150098.798799 0.897217
150099.399399 0.896031
150100.000000 0.894839
150100.600601 0.893642
150101.201201 0.892440
150101.801802 0.891231
150102.402402 0.890018
150103.003003 0.888799
150103.603604 0.887574
150104.204204 0.886344
150104.804805 0.885109
150105.405405 0.883868
150106.006006 0.882622
150106.606607 0.881370
150107.207207 0.880114
150107.807808 0.878852
150108.408408 0.877584
150109.009009 0.876312
150109.609610 0.875035
150110.210210 0.873752
150110.810811 0.872464
150111.411411 0.871171
150112.012012 0.869873
150112.612613 0.868570
150113.213213 0.867262
150113.813814 0.865949
150114.414414 0.864632
150115.015015 0.863309
150115.615616 0.861981
150116.216216 0.860649
150116.816817 0.859311
150117.417417 0.857969
150118.018018 0.856622
150118.618619 0.855270
150119.219219 0.853914
150119.819820 0.852553
150120.420420 0.851187
150121.021021 0.849817
150121.621622 0.848442
150122.222222 0.847063
150122.822823 0.845678
150123.423423 0.844290
150124.024024 0.842897
150124.624625 0.841499
150125.225225 0.840098
150125.825826 0.838691
150126.426426 0.837281
150127.027027 0.835866
150127.627628 0.834446
150128.228228 0.833023
150128.828829 0.831595
150129.429429 0.830163
150130.030030 0.828727
150130.630631 0.827287
150131.231231 0.825842
150131.831832 0.824394
150132.432432 0.822941
150133.033033 0.821485
150133.633634 0.820024
150134.234234 0.818559
150134.834835 0.817091
150135.435435 0.815619
150136.036036 0.814142
150136.636637 0.812662
150137.237237 0.811178
150137.837838 0.809691
150138.438438 0.808199
150139.039039 0.806704
150139.639640 0.805205
150140.240240 0.803703
150140.840841 0.802197
150141.441441 0.800687
150142.042042 0.799174
150142.642643 0.797657
150143.243243 0.796136
150143.843844 0.794613
150144.444444 0.793085
150145.045045 0.791555
150145.645646 0.790021
150146.246246 0.788483
150146.846847 0.786943
150147.447447 0.785399
150148.048048 0.783851
150148.648649 0.782301
150149.249249 0.780747
150149.849850 0.779190
150150.450450 0.777631
150151.051051 0.776068
150151.651652 0.774501
150152.252252 0.772932
150152.852853 0.771360
150153.453453 0.769785
150154.054054 0.768207
150154.654655 0.766626
150155.255255 0.765042
150155.855856 0.763455
150156.456456 0.761866
150157.057057 0.760274
150157.657658 0.758679
150158.258258 0.757081
150158.858859 0.755480
150159.459459 0.753877
150160.060060 0.752271
150160.660661 0.750663
150161.261261 0.749052
150161.861862 0.747439
150162.462462 0.745823
150163.063063 0.744204
150163.663664 0.742584
150164.264264 0.740960
150164.864865 0.739335
150165.465465 0.737707
150166.066066 0.736076
150166.666667 0.734444
150167.267267 0.732809
150167.867868 0.731172
150168.468468 0.729532
150169.069069 0.727891
150169.669670 0.726248
150170.270270 0.724602
150170.870871 0.722954
150171.471471 0.721304
150172.072072 0.719653
150172.672673 0.717999
150173.273273 0.716343
150173.873874 0.714686
150174.474474 0.713026
150175.075075 0.711365
150175.675676 0.709702
150176.276276 0.708037
150176.876877 0.706370
150177.477477 0.704702
150178.078078 0.703032
150178.678679 0.701360
150179.279279 0.699687
150179.879880 0.698012
150180.480480 0.696335
150181.081081 0.694657
150181.681682 0.692977
150182.282282 0.691296
150182.882883 0.689614
150183.483483 0.687930
150184.084084 0.686244
150184.684685 0.684558
150185.285285 0.682869
150185.885886 0.681180
150186.486486 0.679490
150187.087087 0.677798
150187.687688 0.676105
150188.288288 0.674410
150188.888889 0.672715
150189.489489 0.671019
150190.090090 0.669321
150190.690691 0.667622
150191.291291 0.665923
150191.891892 0.664222
150192.492492 0.662520
150193.093093 0.660818
150193.693694 0.659114
150194.294294 0.657410
150194.894895 0.655705
150195.495495 0.653999
150196.096096 0.652292
150196.696697 0.650584
150197.297297 0.648876
150197.897898 0.647167
150198.498498 0.645457
150199.099099 0.643747
150199.699700 0.642036
150200.300300 0.640325
150200.900901 0.638612
150201.501502 0.636900
150202.102102 0.635187
150202.702703 0.633473
150203.303303 0.631759
150203.903904 0.630045
150204.504505 0.628330
150205.105105 0.626615
150205.705706 0.624899
150206.306306 0.623183
150206.906907 0.621467
150207.507508 0.619751
150208.108108 0.618035
150208.708709 0.616318
150209.309309 0.614601
150209.909910 0.612884
150210.510511 0.611167
150211.111111 0.609450
150211.711712 0.607732
150212.312312 0.606015
150212.912913 0.604298
150213.513514 0.602581
150214.114114 0.600864
150214.714715 0.599147
150215.315315 0.597430
150215.915916 0.595713
150216.516517 0.593996
150217.117117 0.592280
150217.717718 0.590564
150218.318318 0.588848
150218.918919 0.587132
150219.519520 0.585417
150220.120120 0.583702
150220.720721 0.581987
150221.321321 0.580273
150221.921922 0.578559
150222.522523 0.576846
150223.123123 0.575133
150223.723724 0.573420
150224.324324 0.571708
150224.924925 0.569997
150225.525526 0.568286
150226.126126 0.566576
150226.726727 0.564866
150227.327327 0.563157
150227.927928 0.561449
150228.528529 0.559741
150229.129129 0.558034
150229.729730 0.556328
150230.330330 0.554623
150230.930931 0.552918
150231.531532 0.551214
150232.132132 0.549511
150232.732733 0.547809
150233.333333 0.546108
150233.933934 0.544408
150234.534535 0.542709
150235.135135 0.541010
150235.735736 0.539313
150236.336336 0.537617
150236.936937 0.535921
150237.537538 0.534227
150238.138138 0.532534
150238.738739 0.530842
150239.339339 0.529151
150239.939940 0.527461
150240.540541 0.525773
150241.141141 0.524085
150241.741742 0.522399
150242.342342 0.520714
150242.942943 0.519031
150243.543544 0.517349
150244.144144 0.515668
150244.744745 0.513988
150245.345345 0.512310
150245.945946 0.510633
150246.546547 0.508957
150247.147147 0.507283
150247.747748 0.505611
150248.348348 0.503940
150248.948949 0.502270
150249.549550 0.500602
150250.150150 0.498935
150250.750751 0.497270
150251.351351 0.495607
150251.951952 0.493945
150252.552553 0.492285
150253.153153 0.490626
150253.753754 0.488969
150254.354354 0.487314
150254.954955 0.485661
150255.555556 0.484009
150256.156156 0.482359
150256.756757 0.480711
150257.357357 0.479064
150257.957958 0.477420
150258.558559 0.475777
150259.159159 0.474136
150259.759760 0.472497
150260.360360 0.470860
150260.960961 0.469225
150261.561562 0.467591
150262.162162 0.465960
150262.762763 0.464331
150263.363363 0.462703
150263.963964 0.461078
150264.564565 0.459454
150265.165165 0.457833
150265.765766 0.456214
150266.366366 0.454597
150266.966967 0.452981
150267.567568 0.451369
150268.168168 0.449758
150268.768769 0.448149
150269.369369 0.446543
150269.969970 0.444938
150270.570571 0.443336
150271.171171 0.441736
150271.771772 0.440139
150272.372372 0.438543
150272.972973 0.436950
150273.573574 0.435359
150274.174174 0.433771
150274.774775 0.432185
150275.375375 0.430601
150275.975976 0.429020
150276.576577 0.427441
150277.177177 0.425864
150277.777778 0.424290
150278.378378 0.422718
150278.978979 0.421149
150279.579580 0.419582
150280.180180 0.418017
150280.780781 0.416455
150281.381381 0.414896
150281.981982 0.413339
150282.582583 0.411785
150283.183183 0.410233
150283.783784 0.408684
150284.384384 0.407137
150284.984985 0.405593
150285.585586 0.404052
150286.186186 0.402513
150286.786787 0.400977
150287.387387 0.399443
150287.987988 0.397913
150288.588589 0.396384
150289.189189 0.394859
150289.789790 0.393336
150290.390390 0.391816
150290.990991 0.390299
150291.591592 0.388785
150292.192192 0.387273
150292.792793 0.385764
150293.393393 0.384258
150293.993994 0.382755
150294.594595 0.381254
150295.195195 0.379757
150295.795796 0.378262
150296.396396 0.376770
150296.996997 0.375281
150297.597598 0.373795
150298.198198 0.372312
150298.798799 0.370831
150299.399399 0.369354
150300.000000 0.367879
